972651
428333
14075928
6017542
5402612
2557521
2890961
816653
1344951
3108351
15736190
14089195
14780915
30313925
759251
25589776
807095
7144422
1367531
2884771
14511951
19658826
5988062
21217761
14372486
15164565
7400702
2735591
1652541
2883841
4641021
15308469
22179997
5392522
15754281
2367911
14514804
5971922
7744592
19621110
15012486
20012204
18665800
6604072
14669951
16664681
14138785
717313
16184358
22411875
15996830
16895274
15716039
742143
28785486
15441074
1068831
2467791
2836421
28583197
102700680
819800
9300262
14245378
788524
7309052
23962323
24277551
36623013
47848627
40891771
265902729
108568373
16877611
15905103
18735898
14293310
14800270
13784322
9695312
3646911
8936082
7905122
14647570
21129105
13213122
45693644
225080450
25019638
14934818
16374678
5741722
14717197
